1.991671107521489503e+01
1.289617720200250872e+01
1.022267019803979515e+01
9.199657530758253543e+00
9.110081883837624517e+00
9.503436279406294318e+00
9.902197687223170064e+00
7.737963322685330603e+00
9.278243740326077571e+00
9.075120919590926150e+00
7.651423656814229091e+00
4.832861453864182977e+00
3.366853005935465770e+00
2.982730669321603578e+00
3.183063117738082148e+00
3.816682891565341240e+00
4.013820242659132731e+00
4.154769893408425396e+00
3.690603634763530483e+00
3.089805736513838497e+00
3.095017124386162166e+00
3.611873198387459460e+00
2.572232686285992109e+00
2.551458932597579832e+00
2.894964743737040269e+00
2.670852827102345728e+00
2.582442693003161427e+00
2.719080345915156904e+00
2.619907838143388012e+00
2.780032653554808775e+00
2.429753324336864750e+00
2.437413248423350609e+00
2.353538173495464125e+00
2.284957615199732839e+00
2.194607041419057492e+00
2.208558852304363551e+00
2.076447583071552749e+00
2.106869127576190603e+00
2.089499449699578015e+00
2.152422281429254625e+00
2.086215648192836891e+00
2.088361518375872805e+00
2.058548109967545336e+00
2.182316615568972828e+00
2.107850439669253451e+00
2.307620439692708914e+00
2.238848089974112110e+00
2.108193681074506554e+00
2.063226188500247194e+00
